li | GPU: pub->seen | book | copy (nvme) | MoE | wait CPU | non-MoE gap  ||  CPU lane [start, end]  | crit
 0 |   0.000 +0.007 | +0.020 | +1.068 (0.000) | +0.168 | +0.008 | +0.213 (bub 0.000) || [  0.090,   1.135] x6 | GPU
 1 |   1.485 +0.011 | +0.022 | +1.043 (0.000) | +0.169 | +0.010 | +0.217 (bub 0.000) || [  1.580,   2.552] x5 | GPU
 2 |   2.957 +0.018 | +0.017 | +0.863 (0.307) | +0.170 | +0.220 | +0.220 (bub 0.000) || [  3.059,   4.326] x5 | CPU
 3 |   4.467 +0.028 | +0.015 | +0.867 (0.819) | +0.472 | +0.000 | +0.287 (bub 0.000) || [  4.578,   5.653] x5 | NVMe
 4 |   6.136 +0.027 | +0.013 | +0.905 (0.903) | +0.170 | +0.586 | +0.218 (bub 0.000) || [  6.246,   7.917] x4 | NVMe
 5 |   8.055 +0.010 | +0.015 | +0.507 (0.459) | +0.474 | +0.008 | +0.214 (bub 0.000) || [  8.148,   8.882] x4 | NVMe
 6 |   9.284 +0.014 | +0.014 | +3.102 (2.911) | +0.472 | +0.009 | +0.213 (bub 0.000) || [  9.381,  10.150] x4 | NVMe
 7 |  13.108 +0.027 | +0.015 | +2.026 (1.978) | +0.473 | +0.008 | +0.286 (bub 0.000) || [ 13.218,  13.966] x4 | NVMe
 8 |  15.944 +0.013 | +0.023 | +1.089 (0.525) | +0.472 | +0.009 | +0.213 (bub 0.000) || [ 16.041,  16.969] x5 | GPU
 9 |  17.762 +0.006 | +0.015 | +0.771 (0.000) | +0.174 | +0.009 | +0.220 (bub 0.000) || [ 17.852,  18.708] x5 | GPU
10 |  18.958 +0.034 | +0.016 | +0.803 (0.173) | +0.169 | +0.243 | +0.220 (bub 0.000) || [ 19.076,  20.298] x5 | CPU
11 |  20.443 +0.136 | +0.016 | +1.107 (0.586) | +0.168 | +0.256 | +0.289 (bub 0.000) || [ 20.663,  22.207] x5 | CPU
12 |  22.415 +0.040 | +0.016 | +0.641 (0.097) | +0.492 | +0.000 | +0.216 (bub 0.000) || [ 22.538,  23.686] x4 | CPU
13 |  23.820 +0.016 | +0.018 | +2.172 (1.546) | +0.171 | +1.654 | +0.213 (bub 0.000) || [ 23.921,  26.314] x4 | CPU
14 |  28.065 +0.006 | +0.015 | +0.674 (0.000) | +0.173 | +0.009 | +0.213 (bub 0.000) || [ 28.155,  28.863] x4 | GPU
15 |  29.155 +0.006 | +0.010 | +0.002 (0.000) | +0.169 | +0.382 | +0.771 (bub 0.000) || [ 29.245,  29.800] x3 | CPU
16 |  30.496 +0.005 | +0.010 | +0.002 (0.000) | +0.170 | +0.362 | +0.221 (bub 0.000) || [ 30.583,  31.129] x3 | CPU
17 |  31.267 +0.010 | +0.015 | +0.419 (0.000) | +0.170 | +0.263 | +0.218 (bub 0.000) || [ 31.361,  32.226] x4 | CPU
18 |  32.362 +0.019 | +0.018 | +0.917 (0.360) | +0.173 | +0.079 | +0.215 (bub 0.000) || [ 32.466,  33.648] x4 | CPU
19 |  33.785 +0.006 | +0.016 | +0.577 (0.000) | +0.173 | +0.008 | +0.286 (bub 0.000) || [ 33.875,  34.440] x3 | GPU
20 |  34.851 +0.005 | +0.015 | +0.665 (0.000) | +0.174 | +0.008 | +0.214 (bub 0.000) || [ 34.940,  35.678] x4 | GPU
21 |  35.932 +0.005 | +0.010 | +0.002 (0.000) | +0.214 | +0.208 | +0.222 (bub 0.000) || [ 36.022,  36.454] x2 | CPU
22 |  36.594 +0.005 | +0.015 | +0.430 (0.000) | +0.173 | +0.009 | +0.217 (bub 0.000) || [ 36.682,  37.273] x3 | CPU
23 |  37.444 +0.009 | +0.015 | +0.564 (0.000) | +0.175 | +0.008 | +0.284 (bub 0.000) || [ 37.536,  38.115] x3 | GPU
24 |  38.499 +0.009 | +0.009 | +0.002 (0.000) | +0.171 | +0.376 | +0.216 (bub 0.000) || [ 38.592,  39.147] x3 | CPU
25 |  39.283 +0.006 | +0.010 | +0.002 (0.000) | +0.216 | +0.205 | +0.213 (bub 0.000) || [ 39.372,  39.798] x2 | CPU
26 |  39.935 +0.016 | +0.010 | +0.002 (0.000) | +0.168 | +0.638 | +0.216 (bub 0.000) || [ 40.035,  40.851] x4 | CPU
27 |  40.986 +0.005 | +0.015 | +0.688 (0.000) | +0.170 | +0.009 | +0.284 (bub 0.000) || [ 41.073,  41.793] x4 | GPU
28 |  42.157 +0.006 | +0.016 | +0.657 (0.000) | +0.171 | +0.009 | +0.212 (bub 0.000) || [ 42.247,  42.920] x4 | GPU
29 |  43.229 +0.013 | +0.010 | +0.110 (0.108) | +0.171 | +2.386 | +0.213 (bub 0.000) || [ 43.326,  44.083] x3 | CPU
30 |  46.133 +0.006 | +0.014 | +0.568 (0.000) | +0.173 | +0.009 | +0.220 (bub 0.000) || [ 46.222,  46.986] x3 | CPU
31 |  47.124 +0.013 | +0.018 | +1.279 (0.667) | +0.474 | +0.008 | +0.287 (bub 0.000) || [ 47.222,  48.089] x4 | NVMe
32 |  49.204 +0.005 | +0.015 | +0.625 (0.000) | +0.174 | +0.008 | +0.216 (bub 0.000) || [ 49.294,  49.886] x3 | GPU
33 |  50.248 +0.012 | +0.015 | +1.734 (1.139) | +0.171 | +0.074 | +0.214 (bub 0.000) || [ 50.344,  52.332] x4 | NVMe
34 |  52.469 +0.005 | +0.015 | +0.577 (0.000) | +0.173 | +0.009 | +0.215 (bub 0.000) || [ 52.559,  53.140] x3 | GPU
35 |  53.463 +0.008 | +0.016 | +0.600 (0.000) | +0.174 | +0.008 | +0.286 (bub 0.000) || [ 53.555,  54.228] x4 | GPU
36 |  54.556 +0.008 | +0.016 | +0.616 (0.000) | +0.174 | +0.032 | +0.218 (bub 0.000) || [ 54.648,  55.482] x5 | CPU
37 |  55.621 +0.017 | +0.016 | +1.436 (1.103) | +0.472 | +0.008 | +0.215 (bub 0.000) || [ 55.722,  56.450] x4 | NVMe
38 |  57.785 +0.013 | +0.011 | +0.079 (0.077) | +0.171 | +0.487 | +0.221 (bub 0.000) || [ 57.883,  58.631] x3 | CPU
39 |  58.768 +0.006 | +0.010 | +0.002 (0.000) | +0.170 | +2.614 | +0.286 (bub 0.000) || [ 58.857,  59.391] x3 | CPU
40 |  61.857 +0.006 | +0.010 | +0.002 (0.000) | +0.172 | +0.392 | +0.210 (bub 0.000) || [ 61.945,  62.515] x3 | CPU
41 |  62.649 +0.006 | +0.010 | +0.002 (0.000) | +0.171 | +0.392 | +3.222 (bub 2.547) || [ 62.738,  63.310] x3 | CPU
