li | GPU: pub->seen | book | copy (nvme) | MoE | wait CPU | non-MoE gap  ||  CPU lane [start, end]  | crit
 0 |   0.000 +0.045 | +0.015 | +2.964 (2.916) | +0.473 | +0.000 | +0.233 (bub 0.000) || [  0.100,   3.434] x5 | NVMe
 1 |   3.731 +0.025 | +0.019 | +1.101 (0.063) | +0.170 | +0.000 | +0.237 (bub 0.000) || [  3.811,   5.096] x5 | CPU
 2 |   5.283 +0.027 | +0.016 | +0.990 (0.873) | +0.516 | +0.009 | +0.233 (bub 0.000) || [  5.364,   6.137] x4 | NVMe
 3 |   7.075 +0.043 | +0.020 | +1.141 (0.000) | +0.170 | +0.008 | +0.345 (bub 0.000) || [  7.173,   8.099] x5 | GPU
 4 |   8.802 +0.022 | +0.016 | +0.733 (0.257) | +0.602 | +0.008 | +0.237 (bub 0.000) || [  8.879,   9.631] x4 | GPU
 5 |  10.420 +0.028 | +0.025 | +1.119 (0.000) | +0.168 | +0.009 | +0.236 (bub 0.000) || [ 10.503,  11.615] x6 | GPU
 6 |  12.004 +0.045 | +0.022 | +2.329 (2.246) | +0.471 | +0.009 | +0.236 (bub 0.000) || [ 12.105,  13.856] x5 | NVMe
 7 |  15.115 +0.016 | +0.022 | +1.072 (0.066) | +0.565 | +0.000 | +0.340 (bub 0.000) || [ 15.187,  16.245] x5 | GPU
 8 |  17.130 +0.029 | +0.022 | +1.070 (0.000) | +0.168 | +0.460 | +0.237 (bub 0.000) || [ 17.214,  18.928] x6 | CPU
 9 |  19.115 +0.006 | +0.016 | +2.107 (2.057) | +0.470 | +0.000 | +0.234 (bub 0.000) || [ 19.177,  21.313] x4 | NVMe
10 |  21.949 +0.040 | +0.017 | +0.702 (0.000) | +0.172 | +0.053 | +0.234 (bub 0.000) || [ 22.045,  22.982] x5 | CPU
11 |  23.169 +0.016 | +0.020 | +1.031 (0.036) | +0.472 | +0.009 | +0.342 (bub 0.000) || [ 23.240,  24.360] x5 | GPU
12 |  25.060 +0.044 | +0.016 | +2.623 (2.575) | +0.474 | +0.009 | +0.236 (bub 0.000) || [ 25.159,  25.911] x4 | NVMe
13 |  28.463 +0.010 | +0.015 | +0.738 (0.000) | +0.171 | +0.034 | +0.236 (bub 0.000) || [ 28.528,  29.481] x5 | CPU
14 |  29.667 +0.006 | +0.015 | +0.596 (0.000) | +0.172 | +0.009 | +0.237 (bub 0.000) || [ 29.729,  30.276] x3 | GPU
15 |  30.703 +0.010 | +0.010 | +0.002 (0.000) | +0.172 | +0.419 | +0.348 (bub 0.000) || [ 30.768,  31.368] x3 | CPU
16 |  31.664 +0.009 | +0.010 | +0.002 (0.000) | +0.170 | +0.404 | +0.238 (bub 0.000) || [ 31.729,  32.312] x3 | CPU
17 |  32.498 +0.025 | +0.010 | +4.580 (4.578) | +0.171 | +0.500 | +0.239 (bub 0.000) || [ 32.578,  37.838] x3 | NVMe
18 |  38.022 +0.009 | +0.010 | +0.002 (0.000) | +0.170 | +0.413 | +0.240 (bub 0.000) || [ 38.087,  38.680] x3 | CPU
19 |  38.866 +0.006 | +0.015 | +1.495 (1.446) | +0.470 | +0.009 | +0.339 (bub 0.000) || [ 38.926,  39.640] x4 | NVMe
20 |  41.201 +0.039 | +0.017 | +0.799 (0.751) | +0.472 | +0.009 | +0.236 (bub 0.000) || [ 41.296,  42.033] x4 | NVMe
21 |  42.772 +0.017 | +0.022 | +1.059 (0.000) | +0.169 | +0.009 | +0.234 (bub 0.000) || [ 42.846,  43.793] x5 | GPU
22 |  44.283 +0.010 | +0.010 | +0.160 (0.158) | +0.214 | +0.308 | +0.239 (bub 0.000) || [ 44.349,  45.034] x2 | CPU
23 |  45.224 +0.012 | +0.017 | +0.527 (0.000) | +0.170 | +0.131 | +0.346 (bub 0.000) || [ 45.292,  46.132] x4 | CPU
24 |  46.428 +0.006 | +0.009 | +0.002 (0.000) | +0.213 | +0.215 | +0.238 (bub 0.000) || [ 46.489,  46.922] x2 | CPU
25 |  47.111 +0.009 | +0.014 | +0.469 (0.000) | +0.171 | +0.009 | +0.233 (bub 0.000) || [ 47.176,  47.735] x3 | GPU
26 |  48.017 +0.011 | +0.016 | +0.584 (0.084) | +0.171 | +0.354 | +0.237 (bub 0.000) || [ 48.084,  49.202] x4 | CPU
27 |  49.391 +0.010 | +0.014 | +0.696 (0.071) | +0.173 | +0.018 | +0.345 (bub 0.000) || [ 49.456,  50.354] x4 | CPU
28 |  50.648 +0.011 | +0.010 | +2.036 (2.034) | +0.171 | +0.506 | +0.233 (bub 0.000) || [ 50.715,  53.429] x3 | NVMe
29 |  53.616 +0.005 | +0.010 | +0.002 (0.000) | +0.170 | +0.382 | +0.237 (bub 0.000) || [ 53.675,  54.233] x3 | CPU
30 |  54.422 +0.005 | +0.010 | +0.002 (0.000) | +0.172 | +0.417 | +0.234 (bub 0.000) || [ 54.481,  55.076] x3 | CPU
31 |  55.262 +0.005 | +0.010 | +0.002 (0.000) | +0.212 | +0.166 | +0.345 (bub 0.000) || [ 55.322,  55.711] x2 | CPU
32 |  56.003 +0.010 | +0.015 | +0.485 (0.000) | +0.169 | +0.233 | +0.236 (bub 0.000) || [ 56.068,  56.965] x5 | CPU
33 |  57.151 +0.027 | +0.014 | +0.628 (0.000) | +0.172 | +0.009 | +0.238 (bub 0.000) || [ 57.234,  57.854] x3 | GPU
34 |  58.239 +0.014 | +0.010 | +0.536 (0.534) | +0.214 | +0.272 | +0.238 (bub 0.000) || [ 58.309,  59.338] x2 | NVMe
35 |  59.523 +0.005 | +0.010 | +0.002 (0.000) | +0.170 | +0.375 | +0.341 (bub 0.000) || [ 59.582,  60.137] x3 | CPU
36 |  60.426 +0.008 | +0.009 | +0.002 (0.000) | +0.171 | +0.382 | +0.239 (bub 0.000) || [ 60.490,  61.052] x3 | CPU
37 |  61.237 +0.009 | +0.015 | +0.468 (0.000) | +0.173 | +0.009 | +0.236 (bub 0.000) || [ 61.303,  61.925] x3 | CPU
38 |  62.148 +0.010 | +0.010 | +0.002 (0.000) | +0.171 | +0.413 | +0.238 (bub 0.000) || [ 62.213,  62.802] x3 | CPU
39 |  62.991 +0.008 | +0.010 | +1.859 (1.849) | +0.475 | +0.008 | +0.339 (bub 0.000) || [ 63.056,  63.611] x3 | NVMe
40 |  65.691 +0.006 | +0.015 | +0.475 (0.000) | +0.174 | +0.009 | +0.213 (bub 0.000) || [ 65.751,  66.344] x3 | GPU
41 |  66.584 +0.006 | +0.010 | +0.002 (0.000) | +0.212 | +0.175 | +2.875 (bub 2.151) || [ 66.646,  67.039] x2 | CPU
