li | GPU: pub->seen | book | copy (nvme) | MoE | wait CPU | non-MoE gap  ||  CPU lane [start, end]  | crit
 0 |   0.000 +0.006 | +0.016 | +0.527 (0.000) | +0.172 | +0.008 | +0.210 (bub 0.000) || [  0.045,   0.524] x3 | GPU
 1 |   0.940 +0.024 | +0.019 | +0.701 (0.000) | +0.169 | +0.970 | +0.212 (bub 0.000) || [  1.002,   2.856] x5 | CPU
 2 |   3.035 +0.011 | +0.020 | +1.114 (0.000) | +0.169 | +0.008 | +0.211 (bub 0.000) || [  3.085,   4.013] x5 | GPU
 3 |   4.569 +0.006 | +0.014 | +0.537 (0.000) | +0.170 | +0.009 | +0.322 (bub 0.000) || [  4.613,   5.140] x4 | GPU
 4 |   5.627 +0.013 | +0.018 | +0.744 (0.000) | +0.170 | +0.008 | +0.211 (bub 0.000) || [  5.679,   6.367] x5 | GPU
 5 |   6.792 +0.024 | +0.017 | +0.804 (0.000) | +0.169 | +0.866 | +0.215 (bub 0.000) || [  6.855,   8.705] x5 | CPU
 6 |   8.887 +0.007 | +0.020 | +0.888 (0.000) | +0.169 | +0.007 | +0.210 (bub 0.000) || [  8.933,   9.596] x5 | GPU
 7 |  10.189 +0.023 | +0.022 | +1.744 (1.695) | +0.473 | +0.007 | +0.321 (bub 0.000) || [ 10.250,  10.794] x4 | NVMe
 8 |  12.777 +0.044 | +0.023 | +1.207 (0.000) | +0.169 | +0.009 | +0.211 (bub 0.000) || [ 12.859,  14.181] x5 | GPU
 9 |  14.440 +0.014 | +0.017 | +0.720 (0.019) | +0.755 | +0.659 | +0.214 (bub 0.000) || [ 14.494,  16.641] x5 | CPU
10 |  16.820 +0.007 | +0.022 | +0.930 (0.000) | +0.168 | +0.006 | +0.212 (bub 0.000) || [ 16.866,  17.681] x6 | GPU
11 |  18.165 +0.016 | +0.018 | +0.695 (0.000) | +0.169 | +1.049 | +0.318 (bub 0.000) || [ 18.220,  20.147] x5 | CPU
12 |  20.431 +0.043 | +0.017 | +0.712 (0.000) | +0.172 | +0.973 | +0.211 (bub 0.000) || [ 20.512,  22.380] x4 | CPU
13 |  22.559 +0.023 | +0.023 | +0.697 (0.000) | +0.170 | +0.963 | +0.214 (bub 0.000) || [ 22.620,  24.466] x4 | CPU
14 |  24.648 +0.032 | +0.017 | +0.002 (0.000) | +0.225 | +0.361 | +0.217 (bub 0.000) || [ 24.718,  25.316] x3 | CPU
15 |  25.503 +0.006 | +0.010 | +0.002 (0.000) | +0.170 | +0.297 | +0.318 (bub 0.000) || [ 25.546,  26.022] x3 | CPU
16 |  26.307 +0.009 | +0.010 | +0.002 (0.000) | +0.171 | +0.311 | +0.217 (bub 0.000) || [ 26.354,  26.849] x3 | CPU
17 |  27.027 +0.007 | +0.009 | +0.002 (0.000) | +0.172 | +0.281 | +0.211 (bub 0.000) || [ 27.071,  27.531] x3 | CPU
18 |  27.709 +0.006 | +0.010 | +0.001 (0.000) | +0.213 | +0.119 | +0.209 (bub 0.000) || [ 27.752,  28.091] x2 | CPU
19 |  28.268 +0.007 | +0.009 | +0.002 (0.000) | +0.171 | +0.291 | +0.322 (bub 0.000) || [ 28.311,  28.782] x3 | CPU
20 |  29.069 +0.010 | +0.014 | +0.473 (0.000) | +0.172 | +0.007 | +0.212 (bub 0.000) || [ 29.118,  29.601] x3 | GPU
21 |  29.958 +0.012 | +0.010 | +0.002 (0.000) | +0.171 | +0.308 | +0.217 (bub 0.000) || [ 30.009,  30.496] x3 | CPU
22 |  30.679 +0.010 | +0.009 | +0.003 (0.000) | +0.215 | +0.120 | +0.220 (bub 0.000) || [ 30.728,  31.075] x2 | CPU
23 |  31.257 +0.006 | +0.010 | +0.002 (0.000) | +0.211 | +0.111 | +0.323 (bub 0.000) || [ 31.299,  31.635] x2 | CPU
24 |  31.919 +0.007 | +0.015 | +0.426 (0.000) | +0.172 | +0.008 | +0.211 (bub 0.000) || [ 31.963,  32.422] x3 | GPU
25 |  32.759 +0.007 | +0.009 | +0.002 (0.000) | +0.171 | +0.292 | +0.213 (bub 0.000) || [ 32.804,  33.271] x3 | CPU
26 |  33.453 +0.010 | +0.015 | +0.492 (0.000) | +0.173 | +0.007 | +0.212 (bub 0.000) || [ 33.502,  33.996] x3 | GPU
27 |  34.362 +0.007 | +0.015 | +0.526 (0.000) | +0.174 | +0.007 | +0.319 (bub 0.000) || [ 34.408,  34.884] x3 | GPU
28 |  35.412 +0.011 | +0.009 | +0.002 (0.000) | +0.172 | +0.306 | +0.214 (bub 0.000) || [ 35.462,  35.945] x3 | CPU
29 |  36.127 +0.024 | +0.009 | +0.004 (0.000) | +0.524 | +0.008 | +0.209 (bub 0.000) || [ 36.188,  36.677] x3 | GPU
30 |  36.905 +0.009 | +0.010 | +0.002 (0.000) | +0.212 | +0.138 | +0.212 (bub 0.000) || [ 36.953,  37.308] x2 | CPU
31 |  37.489 +0.028 | +0.010 | +0.002 (0.000) | +0.171 | +0.314 | +0.327 (bub 0.000) || [ 37.555,  38.052] x3 | CPU
32 |  38.341 +0.011 | +0.010 | +0.019 (0.009) | +0.524 | +0.007 | +0.210 (bub 0.000) || [ 38.390,  38.884] x3 | GPU
33 |  39.123 +0.025 | +0.015 | +0.532 (0.090) | +0.171 | +0.008 | +0.212 (bub 0.000) || [ 39.187,  39.745] x4 | GPU
34 |  40.087 +0.036 | +0.018 | +1.392 (1.343) | +0.472 | +0.008 | +0.213 (bub 0.000) || [ 40.162,  40.701] x4 | NVMe
35 |  42.226 +0.006 | +0.024 | +0.955 (0.000) | +0.169 | +0.008 | +0.316 (bub 0.000) || [ 42.271,  42.943] x5 | GPU
36 |  43.704 +0.054 | +0.011 | +0.002 (0.000) | +0.169 | +1.481 | +0.214 (bub 0.000) || [ 43.798,  45.455] x4 | CPU
37 |  45.636 +0.013 | +0.018 | +0.502 (0.020) | +0.512 | +0.671 | +0.211 (bub 0.000) || [ 45.688,  47.385] x5 | CPU
38 |  47.563 +0.013 | +0.018 | +0.883 (0.650) | +0.471 | +0.008 | +0.210 (bub 0.000) || [ 47.615,  48.152] x4 | NVMe
39 |  49.166 +0.017 | +0.017 | +0.765 (0.000) | +0.169 | +0.008 | +0.318 (bub 0.000) || [ 49.223,  49.923] x5 | GPU
40 |  50.462 +0.017 | +0.018 | +0.732 (0.656) | +0.502 | +0.355 | +0.210 (bub 0.000) || [ 50.519,  52.122] x4 | NVMe
41 |  52.297 +0.007 | +0.016 | +0.537 (0.000) | +0.170 | +0.008 | +1.914 (bub 0.000) || [ 52.343,  52.867] x4 | GPU
